,Energ_Kcal,Protein_.g.,Lipid_Tot_.g.,Ash_.g.,Carbohydrt_.g.,Fiber_TD_.g.,Sugar_Tot_.g.,Calcium_.mg.,Iron_.mg.,Magnesium_.mg.,Phosphorus_.mg.,Potassium_.mg.,Sodium_.mg.,Zinc_.mg.,Copper_mg.,Manganese_.mg.,Selenium_.µg.,Vit_C_.mg.,Thiamin_.mg.,Riboflavin_.mg.,Niacin_.mg.,Panto_Acid_mg.,Vit_B6_.mg.,Folate_Tot_.µg.,Folic_Acid_.µg.,Food_Folate_.µg.,Folate_DFE_.µg.,Choline_Tot_..mg.,Vit_B12_.µg.,Vit_A_IU,Retinol_.µg.,Alpha_Carot_.µg.,Beta_Carot_.µg.,Beta_Crypt_.µg.,Lycopene_.µg.,Lut.Zea_..µg.,Vit_E_.mg.,Vit_D_IU,Vit_K_.µg.,FA_Mono_.g.,FA_Poly_.g.,Cholestrl_.mg.
Energ_Kcal,1.000,0.701,0.808,0.519,-0.114,-0.265,-0.385,0.083,0.386,0.382,0.695,0.275,0.403,0.652,0.198,-0.178,0.570,-0.619,0.443,0.524,0.555,0.589,0.549,-0.029,0.105,-0.048,-0.029,0.641,0.528,-0.266,0.468,-0.369,-0.512,-0.202,-0.132,-0.480,0.142,0.440,-0.224,0.796,0.757,0.588
Protein_.g.,0.701,1.000,0.753,0.702,-0.458,-0.383,-0.650,0.217,0.616,0.610,0.908,0.491,0.622,0.856,0.295,-0.159,0.793,-0.631,0.549,0.739,0.774,0.699,0.719,0.047,0.013,0.043,0.047,0.858,0.668,-0.227,0.487,-0.398,-0.531,-0.442,-0.193,-0.534,0.162,0.584,-0.165,0.683,0.713,0.634
Lipid_Tot_.g.,0.808,0.753,1.000,0.543,-0.464,-0.467,-0.555,0.101,0.411,0.327,0.713,0.204,0.567,0.702,0.100,-0.320,0.645,-0.636,0.370,0.654,0.603,0.610,0.481,-0.030,0.001,-0.032,-0.031,0.687,0.684,-0.092,0.598,-0.298,-0.462,-0.171,-0.143,-0.382,0.278,0.597,-0.147,0.922,0.918,0.735
Ash_.g.,0.519,0.702,0.543,1.000,-0.222,-0.118,-0.490,0.517,0.523,0.713,0.763,0.570,0.639,0.630,0.307,0.134,0.589,-0.419,0.370,0.572,0.461,0.529,0.504,0.265,-0.050,0.273,0.265,0.667,0.405,0.045,0.418,-0.268,-0.210,-0.360,-0.177,-0.304,0.433,0.308,0.072,0.452,0.575,0.395
Carbohydrt_.g.,-0.114,-0.458,-0.464,-0.222,1.000,0.834,0.806,0.133,-0.023,0.012,-0.388,0.019,-0.645,-0.326,0.312,0.641,-0.577,0.503,-0.001,-0.305,-0.405,-0.244,-0.235,0.358,0.119,0.339,0.358,-0.485,-0.792,0.023,-0.619,0.236,0.431,0.245,0.083,0.363,-0.135,-0.727,0.276,-0.465,-0.390,-0.776
Fiber_TD_.g.,-0.265,-0.383,-0.467,-0.118,0.834,1.000,0.696,0.204,0.074,0.124,-0.339,0.216,-0.609,-0.262,0.370,0.717,-0.572,0.554,0.070,-0.227,-0.308,-0.203,-0.158,0.482,-0.001,0.483,0.482,-0.401,-0.836,0.064,-0.718,0.274,0.510,0.125,0.014,0.449,-0.027,-0.698,0.480,-0.513,-0.323,-0.834
Sugar_Tot_.g.,-0.385,-0.650,-0.555,-0.490,0.806,0.696,1.000,-0.014,-0.308,-0.316,-0.613,-0.191,-0.738,-0.563,0.003,0.402,-0.758,0.617,-0.205,-0.402,-0.589,-0.442,-0.426,0.241,-0.041,0.248,0.241,-0.661,-0.782,0.195,-0.606,0.372,0.581,0.385,0.156,0.512,-0.223,-0.652,0.261,-0.522,-0.512,-0.760
Calcium_.mg.,0.083,0.217,0.101,0.517,0.133,0.204,-0.014,1.000,0.386,0.411,0.259,0.193,0.258,0.275,0.206,0.397,0.151,0.053,0.134,0.243,-0.158,0.164,0.046,0.451,0.022,0.448,0.450,0.184,-0.057,0.271,0.087,-0.031,0.201,-0.159,-0.080,0.101,0.205,-0.094,0.310,0.046,0.142,-0.029
Iron_.mg.,0.386,0.616,0.411,0.523,-0.023,0.074,-0.308,0.386,1.000,0.615,0.536,0.480,0.314,0.716,0.630,0.359,0.433,-0.202,0.577,0.634,0.491,0.502,0.502,0.353,0.101,0.337,0.353,0.538,0.207,-0.084,0.048,-0.143,-0.140,-0.260,-0.141,-0.123,0.202,0.057,0.226,0.298,0.455,0.172
Magnesium_.mg.,0.382,0.610,0.327,0.713,0.012,0.124,-0.316,0.411,0.615,1.000,0.609,0.633,0.337,0.555,0.500,0.392,0.471,-0.187,0.483,0.460,0.530,0.495,0.537,0.382,0.032,0.377,0.382,0.544,0.151,-0.062,0.077,-0.107,-0.165,-0.325,-0.155,-0.180,0.274,0.101,0.148,0.250,0.402,0.096
Phosphorus_.mg.,0.695,0.908,0.713,0.763,-0.388,-0.339,-0.613,0.259,0.536,0.609,1.000,0.481,0.619,0.807,0.252,-0.100,0.781,-0.637,0.532,0.677,0.696,0.696,0.679,0.117,0.013,0.113,0.116,0.848,0.632,-0.196,0.540,-0.404,-0.515,-0.416,-0.155,-0.490,0.259,0.577,-0.190,0.649,0.720,0.601
Potassium_.mg.,0.275,0.491,0.204,0.570,0.019,0.216,-0.191,0.193,0.480,0.633,0.481,1.000,0.172,0.421,0.445,0.287,0.281,-0.038,0.539,0.403,0.507,0.381,0.604,0.276,-0.099,0.292,0.275,0.458,0.040,-0.118,-0.086,-0.123,-0.092,-0.299,-0.101,-0.096,0.250,0.042,0.142,0.126,0.271,-0.026
Sodium_.mg.,0.403,0.622,0.567,0.639,-0.645,-0.609,-0.738,0.258,0.314,0.337,0.619,0.172,1.000,0.530,-0.028,-0.325,0.679,-0.563,0.139,0.490,0.407,0.428,0.387,-0.067,-0.048,-0.059,-0.067,0.667,0.717,0.001,0.648,-0.317,-0.392,-0.343,-0.105,-0.422,0.258,0.563,-0.140,0.523,0.510,0.739
Zinc_.mg.,0.652,0.856,0.702,0.630,-0.326,-0.262,-0.563,0.275,0.716,0.555,0.807,0.421,0.530,1.000,0.467,0.018,0.684,-0.596,0.528,0.740,0.695,0.704,0.626,0.190,0.045,0.182,0.190,0.771,0.541,-0.287,0.340,-0.366,-0.469,-0.413,-0.166,-0.453,0.126,0.407,-0.038,0.618,0.673,0.556
Copper_mg.,0.198,0.295,0.100,0.307,0.312,0.370,0.003,0.206,0.630,0.500,0.252,0.445,-0.028,0.467,1.000,0.561,0.120,0.025,0.429,0.347,0.369,0.370,0.274,0.346,0.077,0.334,0.346,0.269,-0.140,-0.171,-0.270,-0.040,-0.018,-0.211,-0.092,-0.085,0.171,-0.262,0.212,0.026,0.187,-0.138
Manganese_.mg.,-0.178,-0.159,-0.320,0.134,0.641,0.717,0.402,0.397,0.359,0.392,-0.100,0.287,-0.325,0.018,0.561,1.000,-0.282,0.399,0.191,-0.023,-0.140,-0.033,-0.040,0.572,0.099,0.558,0.572,-0.189,-0.569,0.110,-0.505,0.159,0.395,-0.038,-0.013,0.312,0.101,-0.587,0.470,-0.392,-0.167,-0.617
Selenium_.µg.,0.570,0.793,0.645,0.589,-0.577,-0.572,-0.758,0.151,0.433,0.471,0.781,0.281,0.679,0.684,0.120,-0.282,1.000,-0.655,0.356,0.553,0.626,0.550,0.553,-0.114,0.051,-0.123,-0.114,0.765,0.774,-0.233,0.653,-0.419,-0.626,-0.407,-0.130,-0.518,0.186,0.678,-0.368,0.603,0.607,0.726
Vit_C_.mg.,-0.619,-0.631,-0.636,-0.419,0.503,0.554,0.617,0.053,-0.202,-0.187,-0.637,-0.038,-0.563,-0.596,0.025,0.399,-0.655,1.000,-0.142,-0.423,-0.480,-0.486,-0.337,0.282,-0.079,0.297,0.282,-0.584,-0.672,0.356,-0.543,0.520,0.635,0.362,0.184,0.597,-0.024,-0.656,0.353,-0.658,-0.582,-0.684
Thiamin_.mg.,0.443,0.549,0.370,0.370,-0.001,0.070,-0.205,0.134,0.577,0.483,0.532,0.539,0.139,0.528,0.429,0.191,0.356,-0.142,1.000,0.606,0.563,0.567,0.589,0.320,0.105,0.304,0.320,0.504,0.110,-0.072,0.041,-0.096,-0.140,-0.174,-0.061,-0.155,0.107,0.171,0.022,0.264,0.412,0.109
Riboflavin_.mg.,0.524,0.739,0.654,0.572,-0.305,-0.227,-0.402,0.243,0.634,0.460,0.677,0.403,0.490,0.740,0.347,-0.023,0.553,-0.423,0.606,1.000,0.579,0.660,0.597,0.221,-0.034,0.226,0.220,0.651,0.438,-0.010,0.312,-0.181,-0.197,-0.242,-0.134,-0.222,0.157,0.383,0.066,0.534,0.612,0.450
Niacin_.mg.,0.555,0.774,0.603,0.461,-0.405,-0.308,-0.589,-0.158,0.491,0.530,0.696,0.507,0.407,0.695,0.369,-0.140,0.626,-0.480,0.563,0.579,1.000,0.591,0.692,-0.031,0.069,-0.043,-0.031,0.687,0.528,-0.275,0.270,-0.232,-0.488,-0.363,-0.072,-0.448,0.158,0.475,-0.186,0.557,0.610,0.469
Panto_Acid_mg.,0.589,0.699,0.610,0.529,-0.244,-0.203,-0.442,0.164,0.502,0.495,0.696,0.381,0.428,0.704,0.370,-0.033,0.550,-0.486,0.567,0.660,0.591,1.000,0.581,0.242,0.082,0.229,0.242,0.662,0.418,-0.181,0.328,-0.267,-0.386,-0.271,-0.108,-0.402,0.177,0.392,-0.119,0.551,0.595,0.447
Vit_B6_.mg.,0.549,0.719,0.481,0.504,-0.235,-0.158,-0.426,0.046,0.502,0.537,0.679,0.604,0.387,0.626,0.274,-0.040,0.553,-0.337,0.589,0.597,0.692,0.581,1.000,0.083,0.012,0.080,0.083,0.627,0.380,-0.182,0.253,-0.175,-0.340,-0.260,-0.081,-0.305,0.151,0.349,-0.080,0.398,0.467,0.367
Folate_Tot_.µg.,-0.029,0.047,-0.030,0.265,0.358,0.482,0.241,0.451,0.353,0.382,0.117,0.276,-0.067,0.190,0.346,0.572,-0.114,0.282,0.320,0.221,-0.031,0.242,0.083,1.000,0.105,0.987,1.000,0.075,-0.338,0.207,-0.270,0.162,0.332,0.043,0.051,0.258,0.171,-0.307,0.409,-0.120,0.045,-0.312
Folic_Acid_.µg.,0.105,0.013,0.001,-0.050,0.119,-0.001,-0.041,0.022,0.101,0.032,0.013,-0.099,-0.048,0.045,0.077,0.099,0.051,-0.079,0.105,-0.034,0.069,0.082,0.012,0.105,1.000,-0.054,0.108,-0.091,-0.052,-0.099,-0.045,-0.038,-0.071,-0.037,-0.013,-0.059,-0.079,-0.047,-0.067,0.029,-0.004,-0.052
Food_Folate_.µg.,-0.048,0.043,-0.032,0.273,0.339,0.483,0.248,0.448,0.337,0.377,0.113,0.292,-0.059,0.182,0.334,0.558,-0.123,0.297,0.304,0.226,-0.043,0.229,0.080,0.987,-0.054,1.000,0.987,0.088,-0.331,0.224,-0.264,0.170,0.345,0.049,0.054,0.269,0.184,-0.301,0.421,-0.126,0.045,-0.305
Folate_DFE_.µg.,-0.029,0.047,-0.031,0.265,0.358,0.482,0.241,0.450,0.353,0.382,0.116,0.275,-0.067,0.190,0.346,0.572,-0.114,0.282,0.320,0.220,-0.031,0.242,0.083,1.000,0.108,0.987,1.000,0.074,-0.338,0.207,-0.270,0.162,0.332,0.043,0.051,0.258,0.170,-0.307,0.409,-0.120,0.045,-0.312
Choline_Tot_..mg.,0.641,0.858,0.687,0.667,-0.485,-0.401,-0.661,0.184,0.538,0.544,0.848,0.458,0.667,0.771,0.269,-0.189,0.765,-0.584,0.504,0.651,0.687,0.662,0.627,0.075,-0.091,0.088,0.074,1.000,0.688,-0.220,0.498,-0.347,-0.528,-0.354,-0.124,-0.471,0.259,0.565,-0.185,0.626,0.680,0.681
Vit_B12_.µg.,0.528,0.668,0.684,0.405,-0.792,-0.836,-0.782,-0.057,0.207,0.151,0.632,0.040,0.717,0.541,-0.140,-0.569,0.774,-0.672,0.110,0.438,0.528,0.418,0.380,-0.338,-0.052,-0.331,-0.338,0.688,1.000,-0.138,0.794,-0.385,-0.640,-0.272,-0.084,-0.545,0.160,0.782,-0.435,0.684,0.584,0.915
Vit_A_IU,-0.266,-0.227,-0.092,0.045,0.023,0.064,0.195,0.271,-0.084,-0.062,-0.196,-0.118,0.001,-0.287,-0.171,0.110,-0.233,0.356,-0.072,-0.010,-0.275,-0.181,-0.182,0.207,-0.099,0.224,0.207,-0.220,-0.138,1.000,0.171,0.477,0.733,0.340,0.200,0.512,0.315,-0.096,0.313,-0.131,-0.061,-0.120
Retinol_.µg.,0.468,0.487,0.598,0.418,-0.619,-0.718,-0.606,0.087,0.048,0.077,0.540,-0.086,0.648,0.340,-0.270,-0.505,0.653,-0.543,0.041,0.312,0.270,0.328,0.253,-0.270,-0.045,-0.264,-0.270,0.498,0.794,0.171,1.000,-0.310,-0.457,-0.171,-0.061,-0.408,0.236,0.739,-0.448,0.598,0.542,0.790
Alpha_Carot_.µg.,-0.369,-0.398,-0.298,-0.268,0.236,0.274,0.372,-0.031,-0.143,-0.107,-0.404,-0.123,-0.317,-0.366,-0.040,0.159,-0.419,0.520,-0.096,-0.181,-0.232,-0.267,-0.175,0.162,-0.038,0.170,0.162,-0.347,-0.385,0.477,-0.310,1.000,0.563,0.536,0.225,0.529,0.061,-0.375,0.234,-0.310,-0.299,-0.370
Beta_Carot_.µg.,-0.512,-0.531,-0.462,-0.210,0.431,0.510,0.581,0.201,-0.140,-0.165,-0.515,-0.092,-0.392,-0.469,-0.018,0.395,-0.626,0.635,-0.140,-0.197,-0.488,-0.386,-0.340,0.332,-0.071,0.345,0.332,-0.528,-0.640,0.733,-0.457,0.563,1.000,0.382,0.216,0.687,0.091,-0.580,0.582,-0.495,-0.402,-0.586
Beta_Crypt_.µg.,-0.202,-0.442,-0.171,-0.360,0.245,0.125,0.385,-0.159,-0.260,-0.325,-0.416,-0.299,-0.343,-0.413,-0.211,-0.038,-0.407,0.362,-0.174,-0.242,-0.363,-0.271,-0.260,0.043,-0.037,0.049,0.043,-0.354,-0.272,0.340,-0.171,0.536,0.382,1.000,0.234,0.464,0.034,-0.255,-0.010,-0.164,-0.228,-0.223
Lycopene_.µg.,-0.132,-0.193,-0.143,-0.177,0.083,0.014,0.156,-0.080,-0.141,-0.155,-0.155,-0.101,-0.105,-0.166,-0.092,-0.013,-0.130,0.184,-0.061,-0.134,-0.072,-0.108,-0.081,0.051,-0.013,0.054,0.051,-0.124,-0.084,0.200,-0.061,0.225,0.216,0.234,1.000,0.095,0.008,-0.134,-0.046,-0.073,-0.128,-0.084
Lut.Zea_..µg.,-0.480,-0.534,-0.382,-0.304,0.363,0.449,0.512,0.101,-0.123,-0.180,-0.490,-0.096,-0.422,-0.453,-0.085,0.312,-0.518,0.597,-0.155,-0.222,-0.448,-0.402,-0.305,0.258,-0.059,0.269,0.258,-0.471,-0.545,0.512,-0.408,0.529,0.687,0.464,0.095,1.000,0.097,-0.473,0.483,-0.412,-0.322,-0.498
Vit_E_.mg.,0.142,0.162,0.278,0.433,-0.135,-0.027,-0.223,0.205,0.202,0.274,0.259,0.250,0.258,0.126,0.171,0.101,0.186,-0.024,0.107,0.157,0.158,0.177,0.151,0.171,-0.079,0.184,0.170,0.259,0.160,0.315,0.236,0.061,0.091,0.034,0.008,0.097,1.000,0.079,0.195,0.221,0.320,0.176
Vit_D_IU,0.440,0.584,0.597,0.308,-0.727,-0.698,-0.652,-0.094,0.057,0.101,0.577,0.042,0.563,0.407,-0.262,-0.587,0.678,-0.656,0.171,0.383,0.475,0.392,0.349,-0.307,-0.047,-0.301,-0.307,0.565,0.782,-0.096,0.739,-0.375,-0.580,-0.255,-0.134,-0.473,0.079,1.000,-0.486,0.604,0.563,0.726
Vit_K_.µg.,-0.224,-0.165,-0.147,0.072,0.276,0.480,0.261,0.310,0.226,0.148,-0.190,0.142,-0.140,-0.038,0.212,0.470,-0.368,0.353,0.022,0.066,-0.186,-0.119,-0.080,0.409,-0.067,0.421,0.409,-0.185,-0.435,0.313,-0.448,0.234,0.582,-0.010,-0.046,0.483,0.195,-0.486,1.000,-0.212,-0.099,-0.375
FA_Mono_.g.,0.796,0.683,0.922,0.452,-0.465,-0.513,-0.522,0.046,0.298,0.250,0.649,0.126,0.523,0.618,0.026,-0.392,0.603,-0.658,0.264,0.534,0.557,0.551,0.398,-0.120,0.029,-0.126,-0.120,0.626,0.684,-0.131,0.598,-0.310,-0.495,-0.164,-0.073,-0.412,0.221,0.604,-0.212,1.000,0.835,0.740
FA_Poly_.g.,0.757,0.713,0.918,0.575,-0.390,-0.323,-0.512,0.142,0.455,0.402,0.720,0.271,0.510,0.673,0.187,-0.167,0.607,-0.582,0.412,0.612,0.610,0.595,0.467,0.045,-0.004,0.045,0.045,0.680,0.584,-0.061,0.542,-0.299,-0.402,-0.228,-0.128,-0.322,0.320,0.563,-0.099,0.835,1.000,0.622
Cholestrl_.mg.,0.588,0.634,0.735,0.395,-0.776,-0.834,-0.760,-0.029,0.172,0.096,0.601,-0.026,0.739,0.556,-0.138,-0.617,0.726,-0.684,0.109,0.450,0.469,0.447,0.367,-0.312,-0.052,-0.305,-0.312,0.681,0.915,-0.120,0.790,-0.370,-0.586,-0.223,-0.084,-0.498,0.176,0.726,-0.375,0.740,0.622,1.000
